1, 0.22770931850305243, 0.6749211898434964 
2, 0.2385101791235088, 0.6709046326291086 
3, 0.23609712481993417, 0.8911740424653218 
4, 0.23349399835872875, 0.7023892850207951 
5, 0.2329640131416637, 0.8923506014367488 
6, 0.23616034536480512, 1.0722343987910925 
7, 0.23435075989863297, 1.086557546911492 
8, 0.2290229921627045, 1.0601646115200136 
9, 0.23779915325522083, 0.7509677053856922 
10, 0.23720102121706255, 0.9442715002194237 
11, 0.22479829977786459, 0.865781551670274 
12, 0.23545301420368503, 0.8427097474996064 
13, 0.231096543929862, 0.9551409181839929 
14, 0.23313355914836187, 1.0772440111875738 
15, 0.2313691312142403, 1.135625721237627 
16, 0.22760217199518706, 0.8608556859695966 
17, 0.23204156791877395, 0.8940542719641122 
18, 0.23583849531818757, 0.8918173320355329 
19, 0.22579422862109055, 1.0311352973028214 
20, 0.2268340834273097, 0.78598203469166 
21, 0.23059652689315513, 0.7812716935757678 
22, 0.23169385492198558, 0.9108635474854019 
23, 0.22335982712054658, 1.0887115611903049 
24, 0.23442013828878316, 1.0530387529624363 
25, 0.2358401374102641, 0.6865032757684268 
26, 0.23680240336596015, 0.6973365677073566 
27, 0.23203335745840192, 0.8460518153943646 
28, 0.23180141195286552, 1.0165797931538734 
29, 0.2320875464968637, 0.7332983841403404 
30, 0.23035431831215902, 0.9939386276297597 
1, 0.2226586538047068, 0.8915180607549437 
2, 0.23785375281670107, 1.1392013767299953 
3, 0.2388373659693661, 0.9535994042489953 
4, 0.23267746807465128, 0.874724385108359 
5, 0.2346056946932098, 1.0183680314230736 
6, 0.23235931273520372, 1.014604356388169 
7, 0.2316881075997248, 0.9591283282640575 
8, 0.24145116602905503, 0.8333732224866441 
9, 0.22702661872305008, 0.752404125427919 
10, 0.24467951904765073, 1.030321230156856 
11, 0.3688779215383775, 1.4651242222128253 
12, 0.28546169676553035, 1.0027566620701762 
13, 0.23467753622147214, 1.0095397339071894 
14, 0.23561106556586253, 0.861092557751352 
15, 0.22778731787659368, 1.1399041921379123 
16, 0.2401925024539011, 0.9269326500040869 
17, 0.23423499240737655, 0.8263204370263857 
18, 0.22970158671251895, 0.8262141115645569 
19, 0.23118521690189198, 1.0508555915493005 
20, 0.23501950189600151, 0.8046444111190993 
21, 0.22823930372011958, 0.7366815043369677 
22, 0.2309224821699587, 0.6210400436468078 
23, 0.229396157586649, 0.8795800513728516 
24, 0.23497352331791177, 0.935891904362915 
25, 0.23031039234916406, 1.062904852669444 
26, 0.22965766074952398, 1.0512636514298315 
27, 0.2362124817881721, 0.8208358494973353 
28, 0.23703188573337997, 0.9460117072954404 
29, 0.23305350715972395, 0.9831180619044062 
30, 0.22675197882357878, 0.9044717040851538 
1, 0.24297051172104797, 1.2175250634565955 
2, 0.22995693203011425, 0.9295866813196019 
3, 0.239447813698086, 0.9456709731899733 
4, 0.22818839886580644, 0.6265816938754485 
5, 0.2392154576695349, 0.854713851087701 
6, 0.23303749676199992, 1.0456756121000836 
7, 0.23833037004134372, 1.0404303594909026 
8, 0.23256908999772996, 1.1333493710992624 
9, 0.23426619215679345, 1.0110484060006968 
10, 0.23358226080773647, 0.75129776589268 
11, 0.2345786001739807, 0.8468695772474994 
12, 0.2312615741833568, 0.749900345537224 
13, 0.26552136218105993, 1.017573669382001 
14, 0.2299663740595399, 0.922738746845642 
15, 0.23738575657544914, 0.660047119832079 
16, 0.22950084095640477, 0.6259215728614755 
17, 0.23682580317802504, 0.8279481607952981 
18, 0.2247153741281025, 0.6529672398525896 
19, 0.23426988686395944, 0.9385139148829786 
20, 0.22568626106718526, 1.1429851673928155 
21, 0.23871995638603138, 0.7966773908963241 
22, 0.2305985795082499, 0.5175812640578457 
23, 0.23537665692221665, 0.9794254073517301 
24, 0.230611716244848, 0.9607630309242907 
25, 0.23353258752248252, 0.8260433339888031 
26, 0.23186873772792893, 0.9946746954021854 
27, 0.22441815546260457, 1.0029344185372473 
28, 0.23584875839365083, 1.0225364821543579 
29, 0.22669040037078503, 1.0450343751449722 
30, 0.23541319347087608, 0.8856213081151765 
1, 0.2217817766368887, 0.8892137950513093 
2, 0.22754880400276356, 0.9378956672169043 
3, 0.2243594506709381, 1.0091928419564375 
4, 0.23042410722532836, 1.0839425152827458 
5, 0.23242992269441043, 1.2259543325983602 
6, 0.230665905283308, 1.0018001434367427 
7, 0.22642191831659364, 1.0594929958615182 
8, 0.23328504214224033, 1.2816183802650087 
9, 0.23383391141816467, 1.1919507109642904 
10, 0.2279388008704739, 1.0505226573811832 
11, 0.23165649732728966, 0.9714148716889781 
12, 0.22947949375943466, 1.2647380842614915 
13, 0.2371624320533101, 0.7438906990673324 
14, 0.23608070389918723, 0.7312876423950385 
15, 0.23133300518860267, 0.9707317613859594 
16, 0.2281801884054353, 0.9234341728392224 
17, 0.23396692087620607, 0.9640106785247617 
18, 0.2312151850822488, 0.7733929358020006 
19, 0.2384912950646516, 0.8242017277271749 
20, 0.2312907213176807, 0.7447211871340436 
21, 0.2258299441237135, 1.1533607261659569 
22, 0.23423252926926708, 0.5409905181498367 
23, 0.22567805060681678, 1.0904755786014064 
24, 0.23192908461166795, 0.8710567724598199 
25, 0.2299561109840802, 0.8755154629652822 
26, 0.23615500856556082, 0.8790915289806662 
27, 0.23953073934784896, 0.8639986502003154 
28, 0.22419195727933783, 0.7964048036119493 
29, 0.23120163782262892, 0.9384453575388676 
30, 0.23150378276434935, 0.7152210030144701 
1, 0.2305016960758515, 1.0185720613633387 
2, 0.23298330772353903, 1.169475396739708 
3, 0.23607536709994648, 0.9299660045888265 
4, 0.22616041515371865, 1.0643191044686668 
5, 0.22715141772071856, 1.1379275238031514 
6, 0.23300054969032225, 1.2640619528497892 
7, 0.23646782710576808, 0.9451684930151565 
8, 0.23126403732146983, 0.8453202633751467 
9, 0.23184944314605005, 1.0779254793985178 
10, 0.23100458677368785, 1.143556615434763 
11, 0.22847330184074366, 0.7406574197725124 
12, 0.23244552256911888, 0.8265490983477672 
13, 0.23105220744385058, 0.9348368602050083 
14, 0.22569159786642956, 1.0031885322857903 
15, 0.2348076720183805, 0.786211927582098 
16, 0.22807673660473782, 0.9011534465254769 
17, 0.23721415795365886, 0.8334512218601837 
18, 0.23453713734909698, 1.1474138897179174 
19, 0.2319118426448874, 0.8079544582184042 
20, 0.23299316027598493, 0.8816273296668165 
21, 0.2299786897501015, 0.8744665766526509 
22, 0.2395262235946447, 0.9656236234650031 
23, 0.23393490008074735, 0.9359469144474133 
24, 0.22688252514350893, 1.154293844987329 
25, 0.2259370906315752, 0.7159997651808325 
26, 0.23288806638321446, 1.110671669026491 
27, 0.22618915176501986, 0.9835097008641895 
28, 0.23427399209414546, 0.9003545687312027 
29, 0.2244776813003071, 1.0004692278103064 
30, 0.2254727890974948, 1.031875059782415 
1, 0.22691988273820496, 1.002455748697513 
2, 0.22642479197772336, 1.125388098198748 
3, 0.23995152544195886, 1.0805495425336744 
4, 0.23218566149831865, 0.7659074590800916 
5, 0.230636758148985, 0.8934290454067195 
6, 0.2273903421175687, 0.951332906663076 
7, 0.23166265517256956, 0.9793494605932791 
8, 0.22514642329767476, 0.8374583370451454 
9, 0.23493206049302984, 0.9156338249620166 
10, 0.23333389438145957, 0.799640546044877 
11, 0.23365040762883105, 0.6446196647915343 
12, 0.23595508385548314, 1.07540774172519 
13, 0.22855130121428502, 0.677617505029934 
14, 0.23229568166731518, 0.8563128382453105 
15, 0.23350056672702735, 0.7540782382979394 
16, 0.23115648029058633, 0.8691601561136935 
17, 0.22980627008227117, 0.8905385528324636 
18, 0.23350302986514038, 0.7096674476182869 
19, 0.23426208692660921, 0.9998045910431266 
20, 0.23523215281965904, 0.7893002922513368 
21, 0.22664893754589954, 0.8594570340450858 
22, 0.22964534505896594, 0.9190575869374875 
23, 0.2280430737172061, 1.086722987688006 
24, 0.23872241952414797, 1.069900985953133 
25, 0.22249690773536202, 0.9193716370467477 
26, 0.24951548020725056, 0.8160261618109317 
27, 0.232211113925473, 0.9909134835053877 
28, 0.23869655657397004, 1.0488095448243868 
29, 0.22640713948792524, 0.9851891505334507 
30, 0.23247918545664703, 0.673630505472893 
