0.20  2.00  1.53  0.66 
0.30  3.00  1.68  0.69 
0.40  4.00  1.70  0.71 
0.50  5.00  1.79  0.72 
0.60  6.00  1.81  0.72 
0.70  7.00  1.86  0.72 
0.80  8.00  1.87  0.73 
0.90  9.00  1.86  0.73 
1.00  10.00  1.89  0.73 
1.10  11.00  1.90  0.73 
0.20  2.00  1.49  0.66 
0.30  3.00  1.70  0.69 
0.40  4.00  1.75  0.71 
0.50  5.00  1.83  0.72 
0.60  6.00  1.79  0.72 
0.70  7.00  1.86  0.72 
0.80  8.00  1.87  0.73 
0.90  9.00  1.89  0.73 
1.00  10.00  1.91  0.73 
1.10  11.00  1.91  0.73 
0.20  2.00  1.51  0.66 
0.30  3.00  1.69  0.69 
0.40  4.00  1.72  0.71 
0.50  5.00  1.79  0.72 
0.60  6.00  1.83  0.72 
0.70  7.00  1.86  0.72 
0.80  8.00  1.85  0.73 
